4 1 0.125073892836775 0.216508927260671 0.251686657555933 0.249802661838917 0.215700666655859 0.285141104807191 0.214931730317055 0.220200095897276 0.101506319443346 0.142043700375904 0.043314073742386 0.0680837009328035 0.211241069670952 0.0314946288823133 0.220791232110939 0.0958664854424416 0.0752995768260796 0.12835713156403 0.212030309167194 0.157107050917141 0.1910651044305 0.185801593138532 0.11056522329202 0.128857934418874 0.333706312276666 0.195304804033715 0.208079125487435 0.189020419506288 0.162263235418213 0.20907745831675 0.0453420782340197 0.424141561865061 0.140556100152615 0.10070595166257 0.162249743828072 0.135400989382497 0.21179028381162 0.152444863191166 0.0922560822262577 0.20549375622069 0.135693552087905 0.0760212088488975 0.161391938731873 0.19451065229022 0.19882243553667 0.222175437870634 0.139631085038523 0.0861244492931146 0.148445100045187 0.137076842994335 0.151561062412683 0.0898229021058772 0.131861254543826 0.140509150855095 0.14027893875761 0.19645738164627 0.210374926945452 0.117184316855797 0.089711498586676 0.229760353289675 0.150129586934708 0.150107702055813 0.0750324892694778 0.174103749393421 0.0833169975015821 0.224082916598395
8 0.125073892836775 1 0.148118984671623 0.239372407839574 0.195117958071526 0.185214021795256 0.152941393751813 0.168051059595428 0.153388571885383 0.48861104589002 0.327315029248689 0.23293054589058 0.295844521396467 0.169844478358592 0.345025112062072 0.162452378887653 0.399757049904787 0.405822401000214 0.399679187294702 0.164305518049069 0.290229444040931 0.208052755397336 0.389110174539869 0.272508808979159 0.15334331181307 0.0961354573720427 0.157009490975327 0.158005261274775 0.0780065376960297 0.120462090556423 0.174054865498737 0.267853139105808 0.1614367722385 0.290080131103343 0.262264114294045 0.0633536867539587 0.120084752023269 0.053540406818123 0.337843621429204 0.381405005173684 0.156640859357574 0.108697708940111 0.359970900012842 0.121240209921067 0.147320876455597 0.333461849895818 0.21876735687132 0.104894142439932 0.412074985897081 0.117091003599606 0.108437066957238 0.108932978156213 0.360241786732157 0.107023352959531 0.102866892774103 0.114300695651329 0.254591471476105 0.143174773423029 0.589809288901137 0.543004280960766 0.16374542768541 0.291538125096625 0.123314299865056 0.376912361420627 0.119358032569642 0.136869923097582 0.160212367591081
9 0.216508927260671 0.148118984671623 1 0.397776973428589 0.4426552362652 0.397966410664965 0.400907155087847 0.407534778972384 0.416012668161369 0.101954604128655 0.158259661455006 0.124495355623769 0.245477286972097 0.382674790410503 0.176695428822023 0.399249226014957 0.235275075449075 0.205088538468451 0.23348367641852 0.385954170866273 0.141041911016152 0.40473454968738 0.143608843990554 0.112926655032445 0.382187867507676 0.195733892531425 0.414732635052362 0.375104245217028 0.282694590197436 0.591491816159807 0.416553255400367 0.0303955767970017 0.138708467984534 0.0795655612271617 0.259350317094915 0.111666051880743 0.562683316721692 0.23944857092876 0.152259497404595 0.138069338322914 0.36869042141707 0.524325644379822 0.204647408034978 0.624033375263657 0.366434934545228 0.191397791957319 0.322521689245586 0.54469457890625 0.23616327593748 0.539862346742639 0.518429761633624 0.515321566817199 0.212635768779314 0.526042386732533 0.542394100329505 0.54278914938709 0.25616764574913 0.602768081931809 0.119110864616745 0.0933678953779203 0.410159122294813 0.162115318461521 0.587945058247917 0.247113133091607 0.544563058231482 0.0435517844486438 0.394654121988661
16 0.251686657555933 0.239372407839574 0.397776973428589 1 0.583471197861784 0.506283004434301 0.415179049736832 0.481681126055715 0.465970758516373 0.194062077548605 0.18301621970129 0.129513972847487 0.150231752029928 0.48026842296956 0.125346235638743 0.466226565182242 0.116983252176732 0.127407541520926 0.121093807789962 0.473967053215252 0.0681831950014188 0.469704910466213 0.165241912986612 0.060476843093968 0.345913967973203 0.222486610013708 0.4556948676746 0.445648372643928 0.188905411240491 0.348216771913055 0.477412793139282 0.0907957244047427 0.167218632439977 0.112364713691459 0.147142876635835 0.0417513719314653 0.342838888493192 0.180060075692663 0.137568087108964 0.0883615855829449 0.443530114650419 0.337242995984316 0.126537603970492 0.339834883155947 0.425916332673172 0.178105246814794 0.430159181712978 0.320326235562445 0.124322923735297 0.352055444946988 0.323896828420062 0.344152991563563 0.0986771087775581 0.321442850165077 0.326051470501629 0.342842378837399 0.533210331161055 0.379598739424788 0.162421098379485 0.173822420229013 0.461099446204412 0.0517970365649061 0.336603565552599 0.161595465440215 0.358470583825651 0.0254643366050714 0.454692429006824
18 0.249802661838917 0.195117958071526 0.4426552362652 0.583471197861784 1 0.630882490376218 0.437280934021591 0.593706836152846 0.579002388740881 0.185357524408555 0.19163120857596 0.0974626891224678 0.167500523163844 0.580024228673906 0.103946039366558 0.616553630863882 0.131629236571464 0.153814297872708 0.128960067790818 0.572522040292109 0.0859697980129482 0.628692669743314 0.184482606094865 0.066108226578793 0.329443341482203 0.263805409897368 0.548617466940142 0.57269279116057 0.204598942343998 0.424584404571458 0.588307248211621 0.0793580548940478 0.165399085927451 0.126285119677486 0.148053880044408 0.0541401885388688 0.443159203764992 0.145313527526748 0.137421411384209 0.0908437540705417 0.539345982027307 0.422938848830192 0.114366531534009 0.489162747093654 0.527372790862741 0.198589414335327 0.496913461884843 0.425233734441958 0.162180604125681 0.426428622175807 0.392770799829422 0.445273387068428 0.0913032063417068 0.408245706872287 0.406261051373882 0.408218432120089 0.426743599753082 0.398407023073554 0.153675149501046 0.148781242116472 0.552803858950311 0.0628804444743635 0.431629942625999 0.14274552207569 0.439284536572748 0.0138548647587431 0.549783026323152
27 0.215700666655859 0.185214021795256 0.397966410664965 0.506283004434301 0.630882490376218 1 0.373246783903088 0.767596148121753 0.707153083992121 0.139485170567849 0.175439526516176 0.0938320783890321 0.15883401130021 0.779189980288884 0.092374020792412 0.803080141762154 0.136547247948586 0.146110075814737 0.121365620912534 0.780620859714216 0.0621890672056406 0.606107877509879 0.176459058019109 0.0366221984665329 0.272833093653206 0.200063299180889 0.738629689611818 0.760939627521516 0.182631183178317 0.442202111820583 0.604745040537904 0.0669476006611512 0.142258974051038 0.116084823623589 0.146044647683282 0.0427082458894144 0.551580189373512 0.1065804131496 0.103473124354095 0.0718519129664153 0.729171794761976 0.569812916699631 0.0892909352357492 0.456568082495448 0.711991356748143 0.179660190272826 0.427751635305517 0.564714785635384 0.146902451995545 0.595145689461194 0.56863777772371 0.615952615071147 0.061582620147785 0.575945954184703 0.570917551140655 0.519741019748133 0.402643237924639 0.356513776711517 0.142242321213006 0.146513399055072 0.750868571359105 0.0676417262003018 0.418602607774763 0.129552700695016 0.543536363017218 0.00342061681473217 0.759163165188652
29 0.285141104807191 0.152941393751813 0.400907155087847 0.415179049736832 0.437280934021591 0.373246783903088 1 0.380520792881084 0.395235777228555 0.1957767594563 0.134676310723225 0.0934768348818729 0.181287219830426 0.335863943401524 0.102213163036894 0.371866987730907 0.0913460602009832 0.0955336017225825 0.145924148886806 0.330178835478772 0.128170536304561 0.388013290194275 0.118213425547571 0.0984903044162373 0.343492286102866 0.310108642170631 0.348818135721094 0.354073427026417 0.293970110812176 0.376201464825901 0.387620596237103 0.0886084205198459 0.220504884658874 0.136663917374683 0.1931046015801 0.109565888383498 0.339878304637122 0.19792478161678 0.119397372775682 0.122298500158606 0.307815988058708 0.289601611053288 0.169833557137678 0.393862376353677 0.311722252626034 0.136032320971806 0.399207770854221 0.309621980684315 0.0923055436204325 0.308561483092161 0.291276607614072 0.321671958585254 0.130577588780104 0.293283761081555 0.289272695094636 0.291983240746946 0.345668941001676 0.395631828156297 0.137309106338653 0.14793946056678 0.344664226306494 0.0791765010222155 0.333071241835449 0.116683404249919 0.33496051171682 0.040729765977194 0.342948918504328
31 0.214931730317055 0.168051059595428 0.407534778972384 0.481681126055715 0.593706836152846 0.767596148121753 0.380520792881084 1 0.738894607704043 0.118105656198695 0.17651871277579 0.0888720840009599 0.161003409930984 0.74711028871063 0.0893785755654941 0.733989066762079 0.131848812330362 0.15017614844524 0.13153456883072 0.72852592508028 0.0719157489761972 0.597982346839195 0.174270688451668 0.0410631142575033 0.263124145611584 0.192608559411557 0.754678551814262 0.708497372568911 0.180237637553535 0.464229419911591 0.6338465114779 0.0583847830382212 0.148159953530751 0.117706983005166 0.162754744659984 0.0494016909186346 0.561877709740106 0.104605245680386 0.112938821091402 0.0798451994939651 0.682836354532041 0.56853882572068 0.0777545062566964 0.458175289343828 0.696480496729737 0.163326143299872 0.402566357899887 0.563941487999521 0.139889996508895 0.604335978363715 0.564843166646631 0.595393033695158 0.0591815220839607 0.561690337338788 0.573236995375564 0.547978462446963 0.35654570041301 0.362584098274508 0.132689743675374 0.130069934063654 0.728211161569784 0.075689437795478 0.457169517746184 0.129360258632105 0.565502990701996 0.00330591025975537 0.732293047495169
37 0.220200095897276 0.153388571885383 0.416012668161369 0.465970758516373 0.579002388740881 0.707153083992121 0.395235777228555 0.738894607704043 1 0.121367489136452 0.183600622270889 0.0880601796095413 0.165971494851742 0.683548963504218 0.094583007300726 0.722017029655771 0.147111813225666 0.151429530449237 0.136652262807809 0.709538887569882 0.0756876383488745 0.548568627259446 0.168359760092943 0.0490419944984332 0.2606631272981 0.183427297897457 0.687709254627896 0.673998119458043 0.188786336123981 0.470931568824993 0.650777089659534 0.0557386001483962 0.145311741302531 0.126075043811343 0.167525518178006 0.0527220147294831 0.565911700732153 0.110817446586614 0.110000058772202 0.0804051490627251 0.638978128000859 0.546195812925662 0.0838218915614161 0.495312596294447 0.642141797993262 0.163108334428103 0.413794093802684 0.566587115862686 0.148528362928791 0.583609918047625 0.570710079509772 0.584256148757962 0.0622290762135791 0.582140236875733 0.564749706062741 0.576278069020172 0.374294452226463 0.376171349507882 0.144341736887607 0.139270921601539 0.718499601558068 0.0907352636051072 0.498593431578572 0.147917355349617 0.598273500236796 0.00487339643184261 0.701626591974999
38 0.101506319443346 0.48861104589002 0.101954604128655 0.194062077548605 0.185357524408555 0.139485170567849 0.1957767594563 0.118105656198695 0.121367489136452 1 0.240180721647507 0.218389232886597 0.243016596448369 0.119367603173421 0.257203872318112 0.131929051102605 0.259864016323457 0.270947962744656 0.319772508459239 0.115148857969378 0.280650847982348 0.166234613706413 0.240410606895958 0.252218759890195 0.127913211363787 0.159254226374521 0.11010955821548 0.125043535021232 0.105018026899034 0.0958399308138174 0.142702690532457 0.268756133876871 0.149815208963918 0.22864912605175 0.170403643886867 0.0417164765900591 0.0859327647213907 0.0804882612738378 0.289322775484645 0.291485532714487 0.108087138379103 0.0663418183287276 0.33840843840408 0.0938586843393304 0.105269335497149 0.289359740364725 0.173210662109551 0.0717580531500724 0.287823306470916 0.0696383544913178 0.0585890251142584 0.0769743386241748 0.322973028145397 0.0588623109911872 0.0623272642971466 0.0589870104301139 0.196054745186099 0.0918813251419589 0.442364450638089 0.387773799378501 0.112337978809827 0.211680696567514 0.0807092710606571 0.251502044347884 0.0727408855794789 0.10903991606261 0.115370763795
39 0.142043700375904 0.327315029248689 0.158259661455006 0.18301621970129 0.19163120857596 0.175439526516176 0.134676310723225 0.17651871277579 0.183600622270889 0.240180721647507 1 0.292378580278935 0.333525044907296 0.169102309565419 0.354538547050051 0.172564556567656 0.468532808301415 0.495216944452761 0.36717145602053 0.170587059658867 0.217209475952982 0.190048333845495 0.683139787293477 0.258853961874612 0.21130094194373 0.0632486527666984 0.166491102605617 0.160370174945162 0.0824179058431413 0.147041457638601 0.174830918826289 0.149096290718345 0.279097261308413 0.355028298968711 0.174028384246519 0.0553017491168069 0.185761195089308 0.074621824521136 0.458150522350505 0.359836689915106 0.155415136809281 0.163820667088984 0.334252451768235 0.195050637257351 0.153613245213995 0.572541770235574 0.165205016047649 0.163094239782159 0.475132025900589 0.169421443518894 0.147844200327237 0.167280059780389 0.331718225072463 0.150164985458476 0.15764208396986 0.158986885554342 0.168281218594317 0.143599927241628 0.335941442213061 0.210323869928023 0.166415771690585 0.178495705404706 0.165850945413002 0.514010424882 0.166111284064921 0.128502497593107 0.161856711419615
41 0.043314073742386 0.23293054589058 0.124495355623769 0.129513972847487 0.0974626891224678 0.0938320783890321 0.0934768348818729 0.0888720840009599 0.0880601796095413 0.218389232886597 0.292378580278935 1 0.398986286420309 0.0891808075984548 0.400094835105845 0.100702146646468 0.227620178171372 0.294212445434041 0.233513898456354 0.0808644669672665 0.187321012956617 0.0989179976124618 0.258973744571719 0.262201969338654 0.22960603492098 0.0828471222791992 0.0898782659629476 0.0807186323535349 0.154537849597906 0.107180134036915 0.0866854593181794 0.221064605370596 0.11652064790812 0.200832795824855 0.137832974314112 0.0691314025473253 0.133439176837255 0.18177693129799 0.204219494970848 0.281857304154639 0.0787027711867154 0.126642149774698 0.347790283887714 0.125797551438575 0.0790505755074468 0.193955815708581 0.13812496040849 0.126696348964244 0.262173489938198 0.131145887005531 0.113999234541097 0.127229729689007 0.264667704072188 0.113635130885188 0.117640293834325 0.115906477565445 0.170697497630277 0.130297462591559 0.224967830409154 0.165953461816057 0.0828942224582613 0.121868165673082 0.124749267986784 0.351187779347492 0.116185470862002 0.148969833538208 0.082059204289936
42 0.0680837009328035 0.295844521396467 0.245477286972097 0.150231752029928 0.167500523163844 0.15883401130021 0.181287219830426 0.161003409930984 0.165971494851742 0.243016596448369 0.333525044907296 0.398986286420309 1 0.144013202810293 0.523614650420249 0.152870344485947 0.305747873797234 0.323895853203728 0.3204939151266 0.138092438720647 0.225821168429201 0.151662371763408 0.261806007361513 0.288974884303809 0.280735190450294 0.0886698449335641 0.157250794878191 0.144412545119296 0.187473752791863 0.21831431782346 0.145717091487685 0.198759352680296 0.112789488816727 0.215847688828045 0.187150685361313 0.0982499331881171 0.245198275697275 0.188564889162208 0.240803088040649 0.397771964130065 0.128840494979498 0.229738931298834 0.46060820245562 0.259300353929463 0.131055284756678 0.216204183706047 0.173833860311009 0.23121269306645 0.340901831286758 0.225267525886555 0.208865382159611 0.19269672769604 0.386157166902233 0.204704780754078 0.220337878286659 0.225503063626855 0.139992115560942 0.2380852106534 0.261824181871507 0.282908944002115 0.14345155669959 0.21762701153418 0.259067688896359 0.445942968826955 0.198445199281027 0.161353559788109 0.139451592343381
43 0.211241069670952 0.169844478358592 0.382674790410503 0.48026842296956 0.580024228673906 0.779189980288884 0.335863943401524 0.74711028871063 0.683548963504218 0.119367603173421 0.169102309565419 0.0891808075984548 0.144013202810293 1 0.087013134358468 0.795436783237853 0.126625812183447 0.147991729967302 0.115161104878264 0.918177317760356 0.0564759003334182 0.57868036702864 0.170466183527882 0.034940240240846 0.256737594786902 0.181332437570197 0.800987341618598 0.834594125814281 0.162514966610074 0.41818605723523 0.617311167519524 0.0553967477307883 0.135196261213902 0.114734734965941 0.149130670647989 0.0370556436099487 0.532216193225327 0.100898444629056 0.103111179814608 0.0697897482039943 0.871141969209265 0.689768306432882 0.0751251434968383 0.436589672514079 0.842965342380798 0.161960999047578 0.402109886153243 0.637939186243546 0.14104650989807 0.667869995526784 0.627039280600357 0.634266889715415 0.0521733957007335 0.594812692540983 0.678348105262667 0.508352777661054 0.381917338106371 0.333326247789128 0.128902137640988 0.134662956269614 0.75821196635217 0.0678143519300055 0.428483550843477 0.126114794852088 0.53612332231723 0 0.75082315559711
44 0.0314946288823133 0.345025112062072 0.176695428822023 0.125346235638743 0.103946039366558 0.092374020792412 0.102213163036894 0.0893785755654941 0.094583007300726 0.257203872318112 0.354538547050051 0.400094835105845 0.523614650420249 0.087013134358468 1 0.0934314476551469 0.391681200757495 0.433428050789554 0.387983684957255 0.0872150102022021 0.235580265638147 0.141311512080493 0.385803711500737 0.302470929082755 0.286969466156968 0.0541971817284393 0.0926070662957694 0.0852431798961101 0.10182761658971 0.167247792662684 0.120361803562715 0.214580776037109 0.132469691074362 0.262718562911024 0.206046910998382 0.0990334158767658 0.183665927847022 0.144137131587908 0.29101206325025 0.400717227003036 0.0765429453547418 0.160208035299652 0.418267844646832 0.18168689134027 0.0769518617168423 0.279016330947865 0.157530871835558 0.166098526552413 0.439066529992331 0.159433557317544 0.151998362535053 0.124315539685699 0.469530460987891 0.153106726995638 0.16518040913405 0.169602969221294 0.170542725310397 0.149770980394541 0.342739957133809 0.261191558982883 0.0823463808849349 0.233974570845448 0.224805022014008 0.482816941288252 0.126504698937964 0.186795624563495 0.0818410577508185
45 0.220791232110939 0.162452378887653 0.399249226014957 0.466226565182242 0.616553630863882 0.803080141762154 0.371866987730907 0.733989066762079 0.722017029655771 0.131929051102605 0.172564556567656 0.100702146646468 0.152870344485947 0.795436783237853 0.0934314476551469 1 0.128692487974696 0.167543964556992 0.112801921518435 0.778356137240563 0.0637566743651777 0.561904961287799 0.16847311613531 0.0363329330480364 0.275300161286922 0.19837686212001 0.746069948463826 0.76374346118728 0.171033948415543 0.422355995265789 0.633194249425596 0.0596907987639126 0.143257212442202 0.132254768759325 0.137909810333925 0.0465883426743822 0.502817301110677 0.113850514520407 0.0972476011878934 0.0693781928521392 0.72950345867748 0.581862926323846 0.084594185706988 0.443474486868242 0.7185531517009 0.168980855360056 0.435529363745966 0.588303602491306 0.149450460599075 0.599968450946729 0.561953867028165 0.621359115759672 0.053454326729989 0.568770308473831 0.56749974886507 0.513520839053239 0.422840539027501 0.381272084650602 0.153028300160711 0.146289130969089 0.769200484667007 0.0759284991188709 0.453797629606816 0.142747859929511 0.533511440545354 0.00270286292311048 0.769439023105114
46 0.0958664854424416 0.399757049904787 0.235275075449075 0.116983252176732 0.131629236571464 0.136547247948586 0.0913460602009832 0.131848812330362 0.147111813225666 0.259864016323457 0.468532808301415 0.227620178171372 0.305747873797234 0.126625812183447 0.391681200757495 0.128692487974696 1 0.671300672696221 0.502653955196773 0.129567327738003 0.320852615164195 0.151954092155758 0.556067580442059 0.2937314932488 0.191948723492627 0.0337452177745364 0.134598683712027 0.124960034814082 0.0684664068141665 0.208120239008879 0.138312303386078 0.125200812225554 0.169413432895413 0.202533527174036 0.250307727423939 0.0877156729938209 0.246302701924907 0.0866852593622471 0.387806470902637 0.370071752117762 0.11695148500112 0.21397309741586 0.358722530756688 0.25036731220127 0.115920152283026 0.463450933612655 0.1003634752842 0.215003992122802 0.727081301480639 0.212238865869971 0.21515847929904 0.181145093547361 0.397545281103225 0.226153531092959 0.216866031309176 0.233311839119343 0.108909915805506 0.186174018588235 0.426766893417161 0.244507208187781 0.122860668318397 0.310171592907664 0.240065091877281 0.500702635843412 0.187940817917402 0.108607682309302 0.121793031160139
47 0.0752995768260796 0.405822401000214 0.205088538468451 0.127407541520926 0.153814297872708 0.146110075814737 0.0955336017225825 0.15017614844524 0.151429530449237 0.270947962744656 0.495216944452761 0.294212445434041 0.323895853203728 0.147991729967302 0.433428050789554 0.167543964556992 0.671300672696221 1 0.467241286872221 0.143261824912343 0.315773158761086 0.182935751862959 0.553897073743937 0.322158074713454 0.205365039005441 0.0327999100077474 0.156823274513714 0.145532597908264 0.0732045917484773 0.222468220705261 0.165708677185267 0.140041371563896 0.173835402522092 0.22731891132047 0.250721161922554 0.0714795428103289 0.247893960327845 0.0923482388110705 0.383268561694241 0.403130650735179 0.139011115973811 0.229074337254461 0.355878052310922 0.250143140434885 0.136258525693186 0.44093629627868 0.121982293526532 0.230508707076264 0.750082378081217 0.244292503075267 0.2140591680445 0.206764898346132 0.400217853472498 0.222419167584934 0.220589447987712 0.230082535447476 0.135697405603512 0.18374401440148 0.408089661388146 0.264512238282558 0.144990515023978 0.276302081354929 0.257279047177626 0.570739787860503 0.213455966533783 0.118465474076708 0.146516618993636
48 0.12835713156403 0.399679187294702 0.23348367641852 0.121093807789962 0.128960067790818 0.121365620912534 0.145924148886806 0.13153456883072 0.136652262807809 0.319772508459239 0.36717145602053 0.233513898456354 0.3204939151266 0.115161104878264 0.387983684957255 0.112801921518435 0.502653955196773 0.467241286872221 1 0.117064859492113 0.375199726317462 0.110883421016908 0.372028946914359 0.349415626310602 0.209846487682621 0.0625625144374742 0.121998304948162 0.115126127537156 0.10431805236142 0.187664053403042 0.107891420091026 0.168250290543757 0.277472700992301 0.31059890876938 0.346831922489674 0.123645983640271 0.202552569866975 0.132272919489929 0.456255191076289 0.409158864536878 0.109717726378814 0.189230717383094 0.439393989763804 0.222725506762812 0.10961906422304 0.472584645229763 0.114837589193132 0.195812927543869 0.488646221828238 0.18591443669583 0.195113900000896 0.171481713508098 0.503618154200074 0.198606786094898 0.193253127759558 0.204257404755072 0.108161991720348 0.21103193797728 0.418095088888284 0.228432569596072 0.114920632731454 0.417393530172881 0.200044336397155 0.430689399935552 0.178204967963526 0.157142098446648 0.119252412302808
49 0.212030309167194 0.164305518049069 0.385954170866273 0.473967053215252 0.572522040292109 0.780620859714216 0.330178835478772 0.72852592508028 0.709538887569882 0.115148857969378 0.170587059658867 0.0808644669672665 0.138092438720647 0.918177317760356 0.0872150102022021 0.778356137240563 0.129567327738003 0.143261824912343 0.117064859492113 1 0.0565525015905428 0.564093028569534 0.175418614658595 0.0336270287147114 0.249819458555329 0.176039757379964 0.810280781755515 0.846222693817981 0.158793961997963 0.417266094797453 0.642450080339335 0.0517658411921835 0.145083900350015 0.115455867098928 0.154501692119604 0.0389021363532424 0.531054874308714 0.0930440197093952 0.104203769131862 0.0706138524681411 0.873945827960979 0.684441612776935 0.0709984285593936 0.430424534576086 0.847894017168429 0.164943385469268 0.401696120729128 0.636661182483429 0.135285270243571 0.667388607629936 0.654438626718871 0.636669253313191 0.051011913986753 0.619596421275981 0.700755759274223 0.525838412239971 0.388034951546897 0.33972319370917 0.129962254240265 0.141499447191043 0.774270387765191 0.069938342585881 0.427376301296614 0.126832813818589 0.550069223834398 0.0011065218975041 0.776584415943337
51 0.157107050917141 0.290229444040931 0.141041911016152 0.0681831950014188 0.0859697980129482 0.0621890672056406 0.128170536304561 0.0719157489761972 0.0756876383488745 0.280650847982348 0.217209475952982 0.187321012956617 0.225821168429201 0.0564759003334182 0.235580265638147 0.0637566743651777 0.320852615164195 0.315773158761086 0.375199726317462 0.0565525015905428 1 0.0609970551579439 0.256983420850484 0.392206866611685 0.113704578360837 0.0610386761472665 0.0649810638042382 0.0605953201718648 0.101635610917816 0.111158865069536 0.0604994558312712 0.13205618011586 0.210583235558628 0.251281888267326 0.311526285412159 0.0818565399634129 0.105754817107583 0.0874873221170937 0.294623653868102 0.32899667734931 0.0546848233437555 0.101512868862458 0.313144432923064 0.137449430196158 0.0536453888042979 0.271561705424134 0.0714104820764205 0.101291878412726 0.351123778449846 0.100497258136838 0.0974906963321642 0.0959724777652823 0.360527247343601 0.106936910536196 0.097429698954495 0.115858205454384 0.0492023901477432 0.140498737363371 0.30326856380146 0.22381684638162 0.0626680296568894 0.355317702150887 0.10818729999532 0.280064153340787 0.103098654660719 0.128534092146021 0.0637070849803918
52 0.1910651044305 0.208052755397336 0.40473454968738 0.469704910466213 0.628692669743314 0.606107877509879 0.388013290194275 0.597982346839195 0.548568627259446 0.166234613706413 0.190048333845495 0.0989179976124618 0.151662371763408 0.57868036702864 0.141311512080493 0.561904961287799 0.151954092155758 0.182935751862959 0.110883421016908 0.564093028569534 0.0609970551579439 1 0.193754708540187 0.0720482441356263 0.304510863982196 0.213084720750914 0.597517829766839 0.573146886170168 0.201257172867442 0.533737926072594 0.689009810030574 0.107905167401078 0.157987904566774 0.150236513029802 0.148192475009545 0.0655371636725462 0.502773824231362 0.107942534074468 0.113019226476168 0.0951872307503611 0.551920858256869 0.448247233762126 0.0904633780468532 0.508656482343743 0.562375029358428 0.153256174770211 0.456325709356197 0.433057456927829 0.182177128933388 0.459929524060995 0.419213650265218 0.465826524699872 0.0910313693874823 0.433018621315236 0.435371876708119 0.419042435411194 0.364677396321924 0.355412075863383 0.161365382535377 0.163146819098698 0.559959090498412 0.0566630967149816 0.503871144915711 0.126515317246023 0.454421140389672 0.0173332093633033 0.571923005662333
64 0.185801593138532 0.389110174539869 0.143608843990554 0.165241912986612 0.184482606094865 0.176459058019109 0.118213425547571 0.174270688451668 0.168359760092943 0.240410606895958 0.683139787293477 0.258973744571719 0.261806007361513 0.170466183527882 0.385803711500737 0.16847311613531 0.556067580442059 0.553897073743937 0.372028946914359 0.175418614658595 0.256983420850484 0.193754708540187 1 0.247289855357065 0.162890264139824 0.0607088460670228 0.168119198681959 0.181864555635441 0.0655510623867628 0.16962041587288 0.180861244603727 0.133964514797165 0.296802057100891 0.336951955578017 0.191061404095979 0.0569881635480674 0.167939334401171 0.0521528497844588 0.468670332932654 0.33311846472662 0.172844639691985 0.156598300049169 0.300050011863554 0.161880244131899 0.165417303135824 0.702290046751371 0.144688624421364 0.147444156343287 0.538934259958404 0.159158419313515 0.153917122623907 0.158835957447363 0.340892140845302 0.175526888914492 0.155277041315875 0.155710287548607 0.152373969824032 0.126544576349186 0.410688807493197 0.236551798989506 0.189643162084165 0.22107929058163 0.169579705189995 0.472075914064715 0.156349498164681 0.117239047292612 0.178994916869549
66 0.11056522329202 0.272508808979159 0.112926655032445 0.060476843093968 0.066108226578793 0.0366221984665329 0.0984903044162373 0.0410631142575033 0.0490419944984332 0.252218759890195 0.258853961874612 0.262201969338654 0.288974884303809 0.034940240240846 0.302470929082755 0.0363329330480364 0.2937314932488 0.322158074713454 0.349415626310602 0.0336270287147114 0.392206866611685 0.0720482441356263 0.247289855357065 1 0.148158063983775 0.0816924775320416 0.0449310260122639 0.039436675526306 0.107095739776932 0.105717675476075 0.0608621063834835 0.192781551552929 0.203094895666884 0.277219655662459 0.314084699197692 0.0864281553346261 0.0966888975024241 0.145151250901495 0.270853592115642 0.37413577763016 0.0314884993393012 0.0813372007859978 0.347218749104281 0.115011233412435 0.0307480497699518 0.23912152653882 0.0624689364199779 0.0792213163415274 0.322782123694479 0.0864123685890423 0.0759918404127994 0.0631170540641713 0.412052291787225 0.0855612926423406 0.0773277205447397 0.0947144663581274 0.0585506452820329 0.120580795550634 0.277352641513537 0.193754255007103 0.0414460908058221 0.330619851927956 0.126105891430074 0.355641701524506 0.0724149298152765 0.222512838211398 0.0348298299162443
67 0.128857934418874 0.15334331181307 0.382187867507676 0.345913967973203 0.329443341482203 0.272833093653206 0.343492286102866 0.263124145611584 0.2606631272981 0.127913211363787 0.21130094194373 0.22960603492098 0.280735190450294 0.256737594786902 0.286969466156968 0.275300161286922 0.191948723492627 0.205365039005441 0.209846487682621 0.249819458555329 0.113704578360837 0.304510863982196 0.162890264139824 0.148158063983775 1 0.190327140356244 0.269880675430887 0.240602101441606 0.21792621825364 0.320611927330472 0.260915572655621 0.0681417613205282 0.0844625409090264 0.118084499230471 0.212104562118018 0.0983574304589521 0.381869966162844 0.265565336041871 0.123318151237904 0.182713041928091 0.237571723819242 0.355213405272479 0.221595067972141 0.388047717525913 0.240933727153298 0.120867858161345 0.343888391592551 0.351939060037382 0.209163129085788 0.357913715282003 0.332924928498158 0.337108981609258 0.197735357446005 0.327226105929352 0.34130776827411 0.330477328868771 0.388000176774841 0.423722204259903 0.133768561903186 0.109512597723468 0.241351583834665 0.130564545967169 0.359969447379507 0.260381496997759 0.338996432393363 0.0494309974760542 0.249235843005172
68 0.333706312276666 0.0961354573720427 0.195733892531425 0.222486610013708 0.263805409897368 0.200063299180889 0.310108642170631 0.192608559411557 0.183427297897457 0.159254226374521 0.0632486527666984 0.0828471222791992 0.0886698449335641 0.181332437570197 0.0541971817284393 0.19837686212001 0.0337452177745364 0.0327999100077474 0.0625625144374742 0.176039757379964 0.0610386761472665 0.213084720750914 0.0607088460670228 0.0816924775320416 0.190327140356244 1 0.174368615380036 0.184321908682473 0.242364360997626 0.152865922094145 0.207667865052288 0.101231060033768 0.20598977696165 0.102026540287404 0.0692689448432548 0.0946133514235204 0.152081802535922 0.225884519287148 0.0975420680214873 0.0596256922029885 0.161253511842606 0.110583765415717 0.102376118446164 0.17278222103842 0.163454447537656 0.0983820788166326 0.354329468402713 0.120386390407553 0.0389283791844038 0.117670008247493 0.104359059058524 0.124776601272866 0.0904031509123963 0.108802819021422 0.107197964660335 0.106960094815077 0.233435015945585 0.185020368917123 0.0767108068965645 0.0740746332488199 0.177201936953737 0.0473393556240111 0.134545193148328 0.0482432592381641 0.121067130135655 0.0614586364423902 0.171231263581172
70 0.195304804033715 0.157009490975327 0.414732635052362 0.4556948676746 0.548617466940142 0.738629689611818 0.348818135721094 0.754678551814262 0.687709254627896 0.11010955821548 0.166491102605617 0.0898782659629476 0.157250794878191 0.800987341618598 0.0926070662957694 0.746069948463826 0.134598683712027 0.156823274513714 0.121998304948162 0.810280781755515 0.0649810638042382 0.597517829766839 0.168119198681959 0.0449310260122639 0.269880675430887 0.174368615380036 1 0.829819653477348 0.184758421210515 0.478697871085244 0.682004374585924 0.0547017799831042 0.133736695376756 0.119404975386626 0.168468138925897 0.0464135109488857 0.593902570224167 0.108276305471146 0.112029672893412 0.0811162160328667 0.784514734696314 0.674626133273582 0.081298761479164 0.485778006428739 0.790693761889028 0.152457481790222 0.404904254628482 0.655236934420467 0.151076165723001 0.709494699817438 0.66498001513833 0.707210674593156 0.0607014211482297 0.654892712268976 0.684029098201039 0.552935102634373 0.378519619381631 0.365228716114582 0.126746302826989 0.132912439708444 0.791371237882676 0.0758126899318346 0.481982740137985 0.139086581464516 0.603727590803046 0.00454846636945075 0.787487486649573
71 0.208079125487435 0.158005261274775 0.375104245217028 0.445648372643928 0.57269279116057 0.760939627521516 0.354073427026417 0.708497372568911 0.673998119458043 0.125043535021232 0.160370174945162 0.0807186323535349 0.144412545119296 0.834594125814281 0.0852431798961101 0.76374346118728 0.124960034814082 0.145532597908264 0.115126127537156 0.846222693817981 0.0605953201718648 0.573146886170168 0.181864555635441 0.039436675526306 0.240602101441606 0.184321908682473 0.829819653477348 1 0.177095610360603 0.47994488596137 0.651284576770476 0.0649177705394529 0.138220865356967 0.124539892436766 0.159143315167103 0.0453988823382366 0.526608736563524 0.104616065721299 0.101810644114855 0.0729409733698123 0.84999594530552 0.664619475725659 0.0820016017208123 0.460730341716487 0.841253928284022 0.167235321234539 0.403186043232043 0.692801951082228 0.144557230639697 0.665896764013556 0.631119554178521 0.678213448844058 0.0606431807165461 0.620771320576548 0.683786012777574 0.495252937356774 0.360753458440993 0.341695609301851 0.133497783157983 0.145438505210678 0.778145755743921 0.0806881383944473 0.448862238108138 0.130483597628357 0.561801769079684 0.00477157909061509 0.765433528289754
72 0.189020419506288 0.0780065376960297 0.282694590197436 0.188905411240491 0.204598942343998 0.182631183178317 0.293970110812176 0.180237637553535 0.188786336123981 0.105018026899034 0.0824179058431413 0.154537849597906 0.187473752791863 0.162514966610074 0.10182761658971 0.171033948415543 0.0684664068141665 0.0732045917484773 0.10431805236142 0.158793961997963 0.101635610917816 0.201257172867442 0.0655510623867628 0.107095739776932 0.21792621825364 0.242364360997626 0.184758421210515 0.177095610360603 1 0.262581030179113 0.211366812424117 0.0734359023492918 0.116920907892558 0.0980045702738999 0.160461418296843 0.108688610474829 0.256298911226611 0.189232320845708 0.0898035670048245 0.103071486732862 0.150872552990753 0.20809142842161 0.138292156493207 0.268828118273813 0.152991798848097 0.0743869087556267 0.219228758529907 0.220485426897975 0.0778835001490767 0.212234367018281 0.20281444576505 0.223888008691051 0.111102903382903 0.208384925787733 0.205664461098241 0.230171936131552 0.153082475675391 0.272790219045758 0.0652872342268348 0.063456158524926 0.171374373756129 0.0740880190598688 0.256647805584164 0.102196080601955 0.22198393836006 0.0528453769827109 0.167544359503929
73 0.162263235418213 0.120462090556423 0.591491816159807 0.348216771913055 0.424584404571458 0.442202111820583 0.376201464825901 0.464229419911591 0.470931568824993 0.0958399308138174 0.147041457638601 0.107180134036915 0.21831431782346 0.41818605723523 0.167247792662684 0.422355995265789 0.208120239008879 0.222468220705261 0.187664053403042 0.417266094797453 0.111158865069536 0.533737926072594 0.16962041587288 0.105717675476075 0.320611927330472 0.152865922094145 0.478697871085244 0.47994488596137 0.262581030179113 1 0.540966705029155 0.0488906109246617 0.117133848417488 0.0924215992246724 0.240140296996722 0.115282645839206 0.615592151073116 0.180879109406755 0.12637451163374 0.126942281381805 0.422106784375779 0.580063704187292 0.163335681553227 0.663579693379948 0.427918797367414 0.154824049931322 0.300998421612676 0.607681776643959 0.253883640384558 0.580512278824382 0.567139381552473 0.588217479913843 0.170544430423375 0.574293459983039 0.583237319713912 0.577633405240615 0.232118562060318 0.519517129414758 0.104450354515816 0.100898960563443 0.43948700292931 0.130118330820533 0.67367437136203 0.206207739484867 0.591306968398118 0.0338815561016179 0.426221484083545
74 0.20907745831675 0.174054865498737 0.416553255400367 0.477412793139282 0.588307248211621 0.604745040537904 0.387620596237103 0.6338465114779 0.650777089659534 0.142702690532457 0.174830918826289 0.0866854593181794 0.145717091487685 0.617311167519524 0.120361803562715 0.633194249425596 0.138312303386078 0.165708677185267 0.107891420091026 0.642450080339335 0.0604994558312712 0.689009810030574 0.180861244603727 0.0608621063834835 0.260915572655621 0.207667865052288 0.682004374585924 0.651284576770476 0.211366812424117 0.540966705029155 1 0.0905541055686725 0.148028170394224 0.158003682584538 0.158413496030689 0.0631425384111599 0.50975887796819 0.109276295488819 0.113561820957062 0.0908376661806603 0.595311671281371 0.468673177104581 0.0829831148905222 0.468234933645939 0.588156360346689 0.152245415301626 0.465858755442949 0.49271866372937 0.16686283918466 0.502625838863191 0.479681699061058 0.502922637801743 0.0830507954267787 0.497104566918842 0.48019456010527 0.468087470379118 0.38583117188897 0.364959280199417 0.153171274296648 0.158609309958953 0.636347013562229 0.0601633192475379 0.546537483208816 0.140645882718028 0.506142954379496 0.0134660488282423 0.629379898161622
75 0.0453420782340197 0.267853139105808 0.0303955767970017 0.0907957244047427 0.0793580548940478 0.0669476006611512 0.0886084205198459 0.0583847830382212 0.0557386001483962 0.268756133876871 0.149096290718345 0.221064605370596 0.198759352680296 0.0553967477307883 0.214580776037109 0.0596907987639126 0.125200812225554 0.140041371563896 0.168250290543757 0.0517658411921835 0.13205618011586 0.107905167401078 0.133964514797165 0.192781551552929 0.0681417613205282 0.101231060033768 0.0547017799831042 0.0649177705394529 0.0734359023492918 0.0488906109246617 0.0905541055686725 1 0.111868444599587 0.155641458650693 0.0707985904787948 0.0705729713053155 0.0337605094906924 0.0887296792638424 0.143319332259379 0.207001114556875 0.0511024301594374 0.0214185982281336 0.199871797893392 0.0491290518933979 0.0492892695892449 0.129264356401273 0.111882507469994 0.0242453408544681 0.148414932203459 0.0223632826090469 0.0171412049457075 0.0245278332230539 0.1926098360774 0.0151665172975644 0.0190807732558092 0.015297678616088 0.114198017182581 0.030642959443827 0.229793660324563 0.211643215543999 0.0565142122245272 0.0838359580901906 0.0474164233230321 0.156571273438834 0.0209441807240089 0.140202718284313 0.0522595538688892
77 0.424141561865061 0.1614367722385 0.138708467984534 0.167218632439977 0.165399085927451 0.142258974051038 0.220504884658874 0.148159953530751 0.145311741302531 0.149815208963918 0.279097261308413 0.11652064790812 0.112789488816727 0.135196261213902 0.132469691074362 0.143257212442202 0.169413432895413 0.173835402522092 0.277472700992301 0.145083900350015 0.210583235558628 0.157987904566774 0.296802057100891 0.203094895666884 0.0844625409090264 0.20598977696165 0.133736695376756 0.138220865356967 0.116920907892558 0.117133848417488 0.148028170394224 0.111868444599587 1 0.297436612339395 0.134610239816544 0.147642421691562 0.0910343733778203 0.0723067138319528 0.281891290391644 0.204440632591491 0.135781163673331 0.0874096862212886 0.191754059128055 0.108884204117089 0.134429889025099 0.337604638238096 0.14332437134747 0.0910573352802002 0.168739551248143 0.0943694708799421 0.0945473361762933 0.0965964489275973 0.244799662605502 0.0875379457747236 0.0917511198594704 0.105435263905156 0.128244662937171 0.136521382504196 0.177613550003279 0.101850181611444 0.164512317585521 0.205037009364787 0.101106039390147 0.167949838620417 0.110580716061618 0.0984058490615124 0.161518160731222
