71 71 0.997624436507328
71 118 0.495252937356774
71 102 0.0820016017208123
71 99 0.664619475725659
71 18 0.57269279116057
71 72 0.177095610360603
71 16 0.445648372643928
71 44 0.0852431798961101
71 84 0.0453988823382366
71 27 0.760939627521516
71 74 0.651284576770476
71 95 0.101810644114855
71 108 0.692801951082228
71 115 0.683786012777574
71 109 0.144557230639697
71 103 0.460730341716487
71 148 0.0806881383944473
71 31 0.708497372568911
71 113 0.0606431807165461
71 152 0.448862238108138
71 78 0.124539892436766
71 48 0.115126127537156
71 107 0.403186043232043
71 77 0.138220865356967
71 29 0.354073427026417
71 39 0.160370174945162
71 64 0.181864555635441
71 138 0.341695609301851
71 114 0.620771320576548
71 41 0.0807186323535349
71 81 0.159143315167103
71 52 0.573146886170168
71 73 0.47994488596137
71 45 0.76374346118728
71 66 0.039436675526306
71 86 0.526608736563524
71 67 0.240602101441606
71 70 0.829819653477348
71 68 0.184321908682473
71 136 0.360753458440993
71 88 0.104616065721299
71 144 0.145438505210678
71 141 0.133497783157983
71 110 0.665896764013556
71 147 0.778145755743921
71 156 0.561801769079684
71 75 0.0649177705394529
71 112 0.678213448844058
71 49 0.846222693817981
71 104 0.841253928284022
71 155 0.130483597628357
71 42 0.144412545119296
71 158 0.00477157909061509
71 46 0.124960034814082
71 105 0.167235321234539
71 96 0.0729409733698123
71 111 0.631119554178521
71 9 0.375104245217028
71 160 0.765433528289754
71 51 0.0605953201718648
71 47 0.145532597908264
71 38 0.125043535021232
71 8 0.158005261274775
71 98 0.84999594530552
71 4 0.208079125487435
71 37 0.673998119458043
71 43 0.834594125814281
118 71 0.495252937356774
118 118 0.978619928356904
118 102 0.145376627525188
118 99 0.682835917618399
118 18 0.408218432120089
118 72 0.230171936131552
118 16 0.342842378837399
118 44 0.169602969221294
118 84 0.0802803130098917
118 27 0.519741019748133
118 74 0.468087470379118
118 95 0.0963883249052088
118 108 0.676414471713623
118 115 0.70328773351293
118 109 0.251877170822807
118 103 0.61347357683984
118 148 0.175101734886843
118 31 0.547978462446963
118 113 0.135948823325513
118 152 0.649212250159774
118 78 0.079073228486796
118 48 0.204257404755072
118 107 0.304162546026623
118 77 0.105435263905156
118 29 0.291983240746946
118 39 0.158986885554342
118 64 0.155710287548607
118 138 0.46355951935244
118 114 0.709721476968856
118 41 0.115906477565445
118 81 0.251896629419905
118 52 0.419042435411194
118 73 0.577633405240615
118 45 0.513520839053239
118 66 0.0947144663581274
118 86 0.715570023257693
118 67 0.330477328868771
118 70 0.552935102634373
118 68 0.106960094815077
118 136 0.289722970193349
118 88 0.155616280038729
118 144 0.0949874220412297
118 141 0.0999516880440878
118 110 0.670673622651553
118 147 0.565445520252213
118 156 0.697166308523502
118 75 0.015297678616088
118 112 0.649476126401108
118 49 0.525838412239971
118 104 0.494086458730457
118 155 0.238039380084757
118 42 0.225503063626855
118 158 0.022752881534785
118 46 0.233311839119343
118 105 0.120880035613504
118 96 0.116918321165201
118 111 0.700810072709368
118 9 0.54278914938709
118 160 0.564287641246595
118 51 0.115858205454384
118 47 0.230082535447476
118 38 0.0589870104301139
118 8 0.114300695651329
118 98 0.486110957514829
118 4 0.14027893875761
118 37 0.576278069020172
118 43 0.508352777661054
102 71 0.0820016017208123
102 118 0.145376627525188
102 102 0.995248872962394
102 99 0.140232529853278
102 18 0.114366531534009
102 72 0.138292156493207
102 16 0.126537603970492
102 44 0.418267844646832
102 84 0.112881942408744
102 27 0.0892909352357492
102 74 0.0829831148905222
102 95 0.346894913677802
102 108 0.15032646006498
102 115 0.13532903148259
102 109 0.372393539275946
102 103 0.197390119156721
102 148 0.31728632130686
102 31 0.0777545062566964
102 113 0.505824946889734
102 152 0.157721718641052
102 78 0.30735841749516
102 48 0.439393989763804
102 107 0.148976994009271
102 77 0.191754059128055
102 29 0.169833557137678
102 39 0.334252451768235
102 64 0.300050011863554
102 138 0.164666334034346
102 114 0.135385335540189
102 41 0.347790283887714
102 81 0.269521201596235
102 52 0.0904633780468532
102 73 0.163335681553227
102 45 0.084594185706988
102 66 0.347218749104281
102 86 0.166789593121184
102 67 0.221595067972141
102 70 0.081298761479164
102 68 0.102376118446164
102 136 0.14648210778085
102 88 0.193839220338301
102 144 0.28548884280694
102 141 0.303173450210205
102 110 0.137162199614102
102 147 0.0788869343632606
102 156 0.122213812236213
102 75 0.199871797893392
102 112 0.122099268583129
102 49 0.0709984285593936
102 104 0.0705320004079536
102 155 0.466599326574635
102 42 0.46060820245562
102 158 0.208578741410972
102 46 0.358722530756688
102 105 0.335843106801796
102 96 0.473271703377181
102 111 0.133724275008974
102 9 0.204647408034978
102 160 0.0733080570798808
102 51 0.313144432923064
102 47 0.355878052310922
102 38 0.33840843840408
102 8 0.359970900012842
102 98 0.0702674533264875
102 4 0.0760212088488975
102 37 0.0838218915614161
102 43 0.0751251434968383
99 71 0.664619475725659
99 118 0.682835917618399
99 102 0.140232529853278
99 99 0.996436654734861
99 18 0.422938848830192
99 72 0.20809142842161
99 16 0.337242995984316
99 44 0.160208035299652
99 84 0.0775294737808897
99 27 0.569812916699631
99 74 0.468673177104581
99 95 0.0897616040626359
99 108 0.873181479790302
99 115 0.919478361137038
99 109 0.24324305385844
99 103 0.596490428696636
99 148 0.145368618626367
99 31 0.56853882572068
99 113 0.122282758985833
99 152 0.568706141224975
99 78 0.0671115276283884
99 48 0.189230717383094
99 107 0.282238310201528
99 77 0.0874096862212886
99 29 0.289601611053288
99 39 0.163820667088984
99 64 0.156598300049169
99 138 0.449335534113478
99 114 0.786791598665596
99 41 0.126642149774698
99 81 0.239340282352966
99 52 0.448247233762126
99 73 0.580063704187292
99 45 0.581862926323846
99 66 0.0813372007859978
99 86 0.693318409138202
99 67 0.355213405272479
99 70 0.674626133273582
99 68 0.110583765415717
99 136 0.25676665388187
99 88 0.167518973096673
99 144 0.0791854228928564
99 141 0.0892834580545587
99 110 0.846717693403959
99 147 0.591030682241482
99 156 0.663507881814754
99 75 0.0214185982281336
99 112 0.803370374609889
99 49 0.684441612776935
99 104 0.70726968260267
99 155 0.220174087776541
99 42 0.229738931298834
99 158 0.0168524512283435
99 46 0.21397309741586
99 105 0.11616872734871
99 96 0.115837379934284
99 111 0.845271886583642
99 9 0.524325644379822
99 160 0.590183521845853
99 51 0.101512868862458
99 47 0.229074337254461
99 38 0.0663418183287276
99 8 0.108697708940111
99 98 0.704565638549379
99 4 0.135693552087905
99 37 0.546195812925662
99 43 0.689768306432882
18 71 0.57269279116057
18 118 0.408218432120089
18 102 0.114366531534009
18 99 0.422938848830192
18 18 0.984558837166977
18 72 0.204598942343998
18 16 0.583471197861784
18 44 0.103946039366558
18 84 0.0541401885388688
18 27 0.630882490376218
18 74 0.588307248211621
18 95 0.137421411384209
18 108 0.425233734441958
18 115 0.406261051373882
18 109 0.162180604125681
18 103 0.489162747093654
18 148 0.0628804444743635
18 31 0.593706836152846
18 113 0.0913032063417068
18 152 0.431629942625999
18 78 0.126285119677486
18 48 0.128960067790818
18 107 0.496913461884843
18 77 0.165399085927451
18 29 0.437280934021591
18 39 0.19163120857596
18 64 0.184482606094865
18 138 0.398407023073554
18 114 0.408245706872287
18 41 0.0974626891224678
18 81 0.148053880044408
18 52 0.628692669743314
18 73 0.424584404571458
18 45 0.616553630863882
18 66 0.066108226578793
18 86 0.443159203764992
18 67 0.329443341482203
18 70 0.548617466940142
18 68 0.263805409897368
18 136 0.426743599753082
18 88 0.145313527526748
18 144 0.148781242116472
18 141 0.153675149501046
18 110 0.426428622175807
18 147 0.552803858950311
18 156 0.439284536572748
18 75 0.0793580548940478
18 112 0.445273387068428
18 49 0.572522040292109
18 104 0.527372790862741
18 155 0.14274552207569
18 42 0.167500523163844
18 158 0.0138548647587431
18 46 0.131629236571464
18 105 0.198589414335327
18 96 0.0908437540705417
18 111 0.392770799829422
18 9 0.4426552362652
18 160 0.549783026323152
18 51 0.0859697980129482
18 47 0.153814297872708
18 38 0.185357524408555
18 8 0.195117958071526
18 98 0.539345982027307
18 4 0.249802661838917
18 37 0.579002388740881
18 43 0.580024228673906
72 71 0.177095610360603
72 118 0.230171936131552
72 102 0.138292156493207
72 99 0.20809142842161
72 18 0.204598942343998
72 72 0.996436654734861
72 16 0.188905411240491
72 44 0.10182761658971
72 84 0.108688610474829
72 27 0.182631183178317
72 74 0.211366812424117
72 95 0.0898035670048245
72 108 0.220485426897975
72 115 0.205664461098241
72 109 0.0778835001490767
72 103 0.268828118273813
72 148 0.0740880190598688
72 31 0.180237637553535
72 113 0.111102903382903
72 152 0.256647805584164
72 78 0.0980045702738999
72 48 0.10431805236142
72 107 0.219228758529907
72 77 0.116920907892558
72 29 0.293970110812176
72 39 0.0824179058431413
72 64 0.0655510623867628
72 138 0.272790219045758
72 114 0.208384925787733
72 41 0.154537849597906
72 81 0.160461418296843
72 52 0.201257172867442
72 73 0.262581030179113
72 45 0.171033948415543
72 66 0.107095739776932
72 86 0.256298911226611
72 67 0.21792621825364
72 70 0.184758421210515
72 68 0.242364360997626
72 136 0.153082475675391
72 88 0.189232320845708
72 144 0.063456158524926
72 141 0.0652872342268348
72 110 0.212234367018281
72 147 0.171374373756129
72 156 0.22198393836006
72 75 0.0734359023492918
72 112 0.223888008691051
72 49 0.158793961997963
72 104 0.152991798848097
72 155 0.102196080601955
72 42 0.187473752791863
72 158 0.0528453769827109
72 46 0.0684664068141665
72 105 0.0743869087556267
72 96 0.103071486732862
72 111 0.20281444576505
72 9 0.282694590197436
72 160 0.167544359503929
72 51 0.101635610917816
72 47 0.0732045917484773
72 38 0.105018026899034
72 8 0.0780065376960297
72 98 0.150872552990753
72 4 0.189020419506288
72 37 0.188786336123981
72 43 0.162514966610074
16 71 0.445648372643928
16 118 0.342842378837399
16 102 0.126537603970492
16 99 0.337242995984316
16 18 0.583471197861784
16 72 0.188905411240491
16 16 0.982183273622043
16 44 0.125346235638743
16 84 0.0417513719314653
16 27 0.506283004434301
16 74 0.477412793139282
16 95 0.137568087108964
16 108 0.320326235562445
16 115 0.326051470501629
16 109 0.124322923735297
16 103 0.339834883155947
16 148 0.0517970365649061
16 31 0.481681126055715
16 113 0.0986771087775581
16 152 0.336603565552599
16 78 0.112364713691459
16 48 0.121093807789962
16 107 0.430159181712978
16 77 0.167218632439977
16 29 0.415179049736832
16 39 0.18301621970129
16 64 0.165241912986612
16 138 0.379598739424788
16 114 0.321442850165077
16 41 0.129513972847487
16 81 0.147142876635835
16 52 0.469704910466213
16 73 0.348216771913055
16 45 0.466226565182242
16 66 0.060476843093968
16 86 0.342838888493192
16 67 0.345913967973203
16 70 0.4556948676746
16 68 0.222486610013708
16 136 0.533210331161055
16 88 0.180060075692663
16 144 0.173822420229013
16 141 0.162421098379485
16 110 0.352055444946988
16 147 0.461099446204412
16 156 0.358470583825651
16 75 0.0907957244047427
16 112 0.344152991563563
16 49 0.473967053215252
16 104 0.425916332673172
16 155 0.161595465440215
16 42 0.150231752029928
16 158 0.0254643366050714
16 46 0.116983252176732
16 105 0.178105246814794
16 96 0.0883615855829449
16 111 0.323896828420062
16 9 0.397776973428589
16 160 0.454692429006824
16 51 0.0681831950014188
16 47 0.127407541520926
16 38 0.194062077548605
16 8 0.239372407839574
16 98 0.443530114650419
16 4 0.251686657555933
16 37 0.465970758516373
16 43 0.48026842296956
44 71 0.0852431798961101
44 118 0.169602969221294
44 102 0.418267844646832
44 99 0.160208035299652
44 18 0.103946039366558
44 72 0.10182761658971
44 16 0.125346235638743
44 44 0.992873309469722
44 84 0.0990334158767658
44 27 0.092374020792412
44 74 0.120361803562715
44 95 0.29101206325025
44 108 0.166098526552413
44 115 0.16518040913405
44 109 0.439066529992331
44 103 0.18168689134027
44 148 0.233974570845448
44 31 0.0893785755654941
44 113 0.469530460987891
44 152 0.224805022014008
44 78 0.262718562911024
44 48 0.387983684957255
44 107 0.157530871835558
44 77 0.132469691074362
44 29 0.102213163036894
44 39 0.354538547050051
44 64 0.385803711500737
44 138 0.149770980394541
44 114 0.153106726995638
44 41 0.400094835105845
44 81 0.206046910998382
44 52 0.141311512080493
44 73 0.167247792662684
44 45 0.0934314476551469
44 66 0.302470929082755
44 86 0.183665927847022
44 67 0.286969466156968
44 70 0.0926070662957694
44 68 0.0541971817284393
44 136 0.170542725310397
44 88 0.144137131587908
44 144 0.261191558982883
44 141 0.342739957133809
44 110 0.159433557317544
44 147 0.0823463808849349
44 156 0.126504698937964
44 75 0.214580776037109
44 112 0.124315539685699
44 49 0.0872150102022021
44 104 0.0769518617168423
44 155 0.482816941288252
44 42 0.523614650420249
44 158 0.186795624563495
44 46 0.391681200757495
44 105 0.279016330947865
44 96 0.400717227003036
44 111 0.151998362535053
44 9 0.176695428822023
44 160 0.0818410577508185
44 51 0.235580265638147
44 47 0.433428050789554
44 38 0.257203872318112
44 8 0.345025112062072
44 98 0.0765429453547418
44 4 0.0314946288823133
44 37 0.094583007300726
44 43 0.087013134358468
84 71 0.0453988823382366
84 118 0.0802803130098917
84 102 0.112881942408744
84 99 0.0775294737808897
84 18 0.0541401885388688
84 72 0.108688610474829
84 16 0.0417513719314653
84 44 0.0990334158767658
84 84 0.996436654734861
84 27 0.0427082458894144
84 74 0.0631425384111599
84 95 0.0371169925045024
84 108 0.0828871240749269
84 115 0.0777159044660694
84 109 0.0732695794124474
84 103 0.103870998769143
84 148 0.109534805218142
84 31 0.0494016909186346
84 113 0.106595090573537
84 152 0.109542404275243
84 78 0.0577294588797932
84 48 0.123645983640271
84 107 0.0666130425586054
84 77 0.147642421691562
84 29 0.109565888383498
84 39 0.0553017491168069
84 64 0.0569881635480674
84 138 0.112269024429897
84 114 0.0765921674916616
84 41 0.0691314025473253
84 81 0.0794938156171135
84 52 0.0655371636725462
84 73 0.115282645839206
84 45 0.0465883426743822
84 66 0.0864281553346261
84 86 0.0912113246571039
84 67 0.0983574304589521
84 70 0.0464135109488857
84 68 0.0946133514235204
84 136 0.0432998495379585
84 88 0.149528929400707
84 144 0.0703514224318672
84 141 0.0721248296617693
84 110 0.0775541676591183
84 147 0.0405373439830433
84 156 0.0772915893544232
84 75 0.0705729713053155
84 112 0.0694366853976277
84 49 0.0389021363532424
84 104 0.0352090445649386
84 155 0.0956383618548806
84 42 0.0982499331881171
84 158 0.129251197409029
84 46 0.0877156729938209
84 105 0.040085829533839
84 96 0.10623509254704
84 111 0.076454577166589
84 9 0.111666051880743
84 160 0.0444823138205437
84 51 0.0818565399634129
84 47 0.0714795428103289
84 38 0.0417164765900591
84 8 0.0633536867539587
84 98 0.0346262159819611
84 4 0.162249743828072
84 37 0.0527220147294831
84 43 0.0370556436099487
27 71 0.760939627521516
27 118 0.519741019748133
27 102 0.0892909352357492
27 99 0.569812916699631
27 18 0.630882490376218
27 72 0.182631183178317
27 16 0.506283004434301
27 44 0.092374020792412
27 84 0.0427082458894144
27 27 0.989309964152321
27 74 0.604745040537904
27 95 0.103473124354095
27 108 0.564714785635384
27 115 0.570917551140655
27 109 0.146902451995545
27 103 0.456568082495448
27 148 0.0676417262003018
27 31 0.767596148121753
27 113 0.061582620147785
27 152 0.418602607774763
27 78 0.116084823623589
27 48 0.121365620912534
27 107 0.427751635305517
27 77 0.142258974051038
27 29 0.373246783903088
27 39 0.175439526516176
27 64 0.176459058019109
27 138 0.356513776711517
27 114 0.575945954184703
27 41 0.0938320783890321
27 81 0.146044647683282
27 52 0.606107877509879
27 73 0.442202111820583
27 45 0.803080141762154
27 66 0.0366221984665329
27 86 0.551580189373512
27 67 0.272833093653206
27 70 0.738629689611818
27 68 0.200063299180889
27 136 0.402643237924639
27 88 0.1065804131496
27 144 0.146513399055072
27 141 0.142242321213006
27 110 0.595145689461194
27 147 0.750868571359105
27 156 0.543536363017218
27 75 0.0669476006611512
27 112 0.615952615071147
27 49 0.780620859714216
27 104 0.711991356748143
27 155 0.129552700695016
27 42 0.15883401130021
27 158 0.00342061681473217
27 46 0.136547247948586
27 105 0.179660190272826
27 96 0.0718519129664153
27 111 0.56863777772371
27 9 0.397966410664965
27 160 0.759163165188652
27 51 0.0621890672056406
27 47 0.146110075814737
27 38 0.139485170567849
27 8 0.185214021795256
27 98 0.729171794761976
27 4 0.215700666655859
27 37 0.707153083992121
27 43 0.779189980288884
74 71 0.651284576770476
74 118 0.468087470379118
74 102 0.0829831148905222
74 99 0.468673177104581
74 18 0.588307248211621
74 72 0.211366812424117
74 16 0.477412793139282
74 44 0.120361803562715
74 84 0.0631425384111599
74 27 0.604745040537904
74 74 0.998812218227533
74 95 0.113561820957062
74 108 0.49271866372937
74 115 0.48019456010527
74 109 0.16686283918466
74 103 0.468234933645939
74 148 0.0601633192475379
74 31 0.6338465114779
74 113 0.0830507954267787
74 152 0.546537483208816
74 78 0.158003682584538
74 48 0.107891420091026
74 107 0.465858755442949
74 77 0.148028170394224
74 29 0.387620596237103
74 39 0.174830918826289
74 64 0.180861244603727
74 138 0.364959280199417
74 114 0.497104566918842
74 41 0.0866854593181794
74 81 0.158413496030689
74 52 0.689009810030574
74 73 0.540966705029155
74 45 0.633194249425596
74 66 0.0608621063834835
74 86 0.50975887796819
74 67 0.260915572655621
74 70 0.682004374585924
74 68 0.207667865052288
74 136 0.38583117188897
74 88 0.109276295488819
74 144 0.158609309958953
74 141 0.153171274296648
74 110 0.502625838863191
74 147 0.636347013562229
74 156 0.506142954379496
74 75 0.0905541055686725
74 112 0.502922637801743
74 49 0.642450080339335
74 104 0.588156360346689
74 155 0.140645882718028
74 42 0.145717091487685
74 158 0.0134660488282423
74 46 0.138312303386078
74 105 0.152245415301626
74 96 0.0908376661806603
74 111 0.479681699061058
74 9 0.416553255400367
74 160 0.629379898161622
74 51 0.0604994558312712
74 47 0.165708677185267
74 38 0.142702690532457
74 8 0.174054865498737
74 98 0.595311671281371
74 4 0.20907745831675
74 37 0.650777089659534
74 43 0.617311167519524
95 71 0.101810644114855
95 118 0.0963883249052088
95 102 0.346894913677802
95 99 0.0897616040626359
95 18 0.137421411384209
95 72 0.0898035670048245
95 16 0.137568087108964
95 44 0.29101206325025
95 84 0.0371169925045024
95 27 0.103473124354095
95 74 0.113561820957062
95 95 0.995248872962394
95 108 0.0898699977381105
95 115 0.0904608444703539
95 109 0.412959600348829
95 103 0.132068001190732
95 148 0.250300013180514
95 31 0.112938821091402
95 113 0.440075857575753
95 152 0.117400628253094
95 78 0.335119615230617
95 48 0.456255191076289
95 107 0.121486695901941
95 77 0.281891290391644
95 29 0.119397372775682
95 39 0.458150522350505
95 64 0.468670332932654
95 138 0.134415259421256
95 114 0.0867930730296359
95 41 0.204219494970848
95 81 0.205095070484185
95 52 0.113019226476168
95 73 0.12637451163374
95 45 0.0972476011878934
95 66 0.270853592115642
95 86 0.106116790914011
95 67 0.123318151237904
95 70 0.112029672893412
95 68 0.0975420680214873
95 136 0.109600076248831
95 88 0.0814290967382349
95 144 0.232526974142546
95 141 0.324072787602257
95 110 0.0957873177880322
95 147 0.120054412917664
95 156 0.107251783327365
95 75 0.143319332259379
95 112 0.095279307373706
95 49 0.104203769131862
95 104 0.0979227880885378
95 155 0.373939572622377
95 42 0.240803088040649
95 158 0.142765522111224
95 46 0.387806470902637
95 105 0.583244183700394
95 96 0.307463200936487
95 111 0.0865697768674566
95 9 0.152259497404595
95 160 0.110623118426044
95 51 0.294623653868102
95 47 0.383268561694241
95 38 0.289322775484645
95 8 0.337843621429204
95 98 0.0989012982608953
95 4 0.152444863191166
95 37 0.110000058772202
95 43 0.103111179814608
108 71 0.692801951082228
108 118 0.676414471713623
108 102 0.15032646006498
108 99 0.873181479790302
108 18 0.425233734441958
108 72 0.220485426897975
108 16 0.320326235562445
108 44 0.166098526552413
108 84 0.0828871240749269
108 27 0.564714785635384
108 74 0.49271866372937
108 95 0.0898699977381105
108 108 0.998812218227533
108 115 0.886358929179778
108 109 0.25409290722879
108 103 0.61193368280949
108 148 0.159793903359345
108 31 0.563941487999521
108 113 0.12783210205679
108 152 0.591981240968121
108 78 0.0712532370134729
108 48 0.195812927543869
108 107 0.29394978220295
108 77 0.0910573352802002
108 29 0.309621980684315
108 39 0.163094239782159
108 64 0.147444156343287
108 138 0.468702805337056
108 114 0.781505634872836
108 41 0.126696348964244
108 81 0.239643742081799
108 52 0.433057456927829
108 73 0.607681776643959
108 45 0.588303602491306
108 66 0.0792213163415274
108 86 0.702198050507594
108 67 0.351939060037382
108 70 0.655236934420467
108 68 0.120386390407553
108 136 0.249873881114361
108 88 0.179386651445894
108 144 0.0864723532782377
108 141 0.0993531891038852
108 110 0.835136970632058
108 147 0.592184398703938
108 156 0.67374611723339
108 75 0.0242453408544681
108 112 0.829789189725926
108 49 0.636661182483429
108 104 0.669360091122759
108 155 0.226203815410842
108 42 0.23121269306645
108 158 0.0188585033180647
108 46 0.215003992122802
108 105 0.113310736616894
108 96 0.115883540226392
108 111 0.819550923315687
108 9 0.54469457890625
108 160 0.572783642021647
108 51 0.101291878412726
108 47 0.230508707076264
108 38 0.0717580531500724
108 8 0.104894142439932
108 98 0.662957348414389
108 4 0.139631085038523
108 37 0.566587115862686
108 43 0.637939186243546
115 71 0.683786012777574
115 118 0.70328773351293
115 102 0.13532903148259
115 99 0.919478361137038
115 18 0.406261051373882
115 72 0.205664461098241
115 16 0.326051470501629
115 44 0.16518040913405
115 84 0.0777159044660694
115 27 0.570917551140655
115 74 0.48019456010527
115 95 0.0904608444703539
115 108 0.886358929179778
115 115 0.996436654734861
115 109 0.239701273887636
115 103 0.589869090149318
115 148 0.15406417129313
115 31 0.573236995375564
115 113 0.122569065568703
115 152 0.583665759112646
115 78 0.0690758915716063
115 48 0.193253127759558
115 107 0.285193337519511
115 77 0.0917511198594704
115 29 0.289272695094636
115 39 0.15764208396986
115 64 0.155277041315875
115 138 0.455666164643345
115 114 0.808372290600593
115 41 0.117640293834325
115 81 0.24653543887107
115 52 0.435371876708119
115 73 0.583237319713912
115 45 0.56749974886507
115 66 0.0773277205447397
115 86 0.704873880810194
115 67 0.34130776827411
115 70 0.684029098201039
115 68 0.107197964660335
115 136 0.258888279977839
115 88 0.160076097466429
115 144 0.0819566865803215
115 141 0.091717981527601
115 110 0.850734579226923
115 147 0.615287813910894
115 156 0.689438499243567
115 75 0.0190807732558092
115 112 0.812584921679031
115 49 0.700755759274223
115 104 0.706553072943976
115 155 0.225252903181347
115 42 0.220337878286659
115 158 0.0191917396000563
115 46 0.216866031309176
115 105 0.11372920889704
115 96 0.114067670948406
115 111 0.871178902470594
115 9 0.542394100329505
115 160 0.607786181862317
115 51 0.097429698954495
115 47 0.220589447987712
115 38 0.0623272642971466
115 8 0.102866892774103
115 98 0.702930965041279
115 4 0.140509150855095
115 37 0.564749706062741
115 43 0.678348105262667
109 71 0.144557230639697
109 118 0.251877170822807
109 102 0.372393539275946
109 99 0.24324305385844
109 18 0.162180604125681
109 72 0.0778835001490767
109 16 0.124322923735297
109 44 0.439066529992331
109 84 0.0732695794124474
109 27 0.146902451995545
109 74 0.16686283918466
109 95 0.412959600348829
109 108 0.25409290722879
109 115 0.239701273887636
109 109 0.998812218227533
109 103 0.277294845207706
109 148 0.318036584604661
109 31 0.139889996508895
109 113 0.442438715191166
109 152 0.280864830776267
109 78 0.238645133777387
109 48 0.488646221828238
109 107 0.123916223507895
109 77 0.168739551248143
109 29 0.0923055436204325
109 39 0.475132025900589
109 64 0.538934259958404
109 138 0.180176321636554
109 114 0.226172620560744
109 41 0.262173489938198
109 81 0.255571203438788
109 52 0.182177128933388
109 73 0.253883640384558
109 45 0.149450460599075
109 66 0.322782123694479
109 86 0.27597055468048
109 67 0.209163129085788
109 70 0.151076165723001
109 68 0.0389283791844038
109 136 0.121708772834652
109 88 0.108696387537656
109 144 0.273688006130235
109 141 0.402703922250548
109 110 0.237298557832252
109 147 0.138392591441762
109 156 0.206958687942697
109 75 0.148414932203459
109 112 0.208249234939493
109 49 0.135285270243571
109 104 0.133261528116279
109 155 0.554055960891409
109 42 0.340901831286758
109 158 0.117683869803146
109 46 0.727081301480639
109 105 0.478794842343414
109 96 0.383709758814532
109 111 0.22991100968445
109 9 0.23616327593748
109 160 0.137385482919732
109 51 0.351123778449846
109 47 0.750082378081217
109 38 0.287823306470916
109 8 0.412074985897081
109 98 0.134063358773819
109 4 0.0861244492931146
109 37 0.148528362928791
109 43 0.14104650989807
103 71 0.460730341716487
103 118 0.61347357683984
103 102 0.197390119156721
103 99 0.596490428696636
103 18 0.489162747093654
103 72 0.268828118273813
103 16 0.339834883155947
103 44 0.18168689134027
103 84 0.103870998769143
103 27 0.456568082495448
103 74 0.468234933645939
103 95 0.132068001190732
103 108 0.61193368280949
103 115 0.589869090149318
103 109 0.277294845207706
103 103 0.996436654734861
103 148 0.150313363160463
103 31 0.458175289343828
103 113 0.183415812974325
103 152 0.64596118123764
103 78 0.095096572058119
103 48 0.222725506762812
103 107 0.350602936833032
103 77 0.108884204117089
103 29 0.393862376353677
103 39 0.195050637257351
103 64 0.161880244131899
103 138 0.509638638131891
103 114 0.601465539460521
103 41 0.125797551438575
103 81 0.230743359230241
103 52 0.508656482343743
103 73 0.663579693379948
103 45 0.443474486868242
103 66 0.115011233412435
103 86 0.648296053279989
103 67 0.388047717525913
103 70 0.485778006428739
103 68 0.17278222103842
103 136 0.285483143906083
103 88 0.227070178265559
103 144 0.0950671210996955
103 141 0.105485804726886
103 110 0.576429202309323
103 147 0.448155192624949
103 156 0.591956528432217
103 75 0.0491290518933979
103 112 0.585873909579389
103 49 0.430424534576086
103 104 0.417332308589527
103 155 0.233791223328138
103 42 0.259300353929463
103 158 0.0366400298216262
103 46 0.25036731220127
103 105 0.164152092217595
103 96 0.142436727035498
103 111 0.587098782968249
103 9 0.624033375263657
103 160 0.433705235023226
103 51 0.137449430196158
103 47 0.250143140434885
103 38 0.0938586843393304
103 8 0.121240209921067
103 98 0.415287513548444
103 4 0.161391938731873
103 37 0.495312596294447
103 43 0.436589672514079
148 71 0.0806881383944473
148 118 0.175101734886843
148 102 0.31728632130686
148 99 0.145368618626367
148 18 0.0628804444743635
148 72 0.0740880190598688
148 16 0.0517970365649061
148 44 0.233974570845448
148 84 0.109534805218142
148 27 0.0676417262003018
148 74 0.0601633192475379
148 95 0.250300013180514
148 108 0.159793903359345
148 115 0.15406417129313
148 109 0.318036584604661
148 103 0.150313363160463
148 148 0.979807710129371
148 31 0.075689437795478
148 113 0.323289731427033
148 152 0.172911382640833
148 78 0.323506812597181
148 48 0.417393530172881
148 107 0.064938055823152
148 77 0.205037009364787
148 29 0.0791765010222155
148 39 0.178495705404706
148 64 0.22107929058163
148 138 0.141885268799749
148 114 0.14962334293715
148 41 0.121868165673082
148 81 0.522818152356424
148 52 0.0566630967149816
148 73 0.130118330820533
148 45 0.0759284991188709
148 66 0.330619851927956
148 86 0.148391190075749
148 67 0.130564545967169
148 70 0.0758126899318346
148 68 0.0473393556240111
148 136 0.0543441928732603
148 88 0.119492022590423
148 144 0.185239314496034
148 141 0.282470193075594
148 110 0.142677887112244
148 147 0.0892591599072031
148 156 0.135485877783446
148 75 0.0838359580901906
148 112 0.125799726442766
148 49 0.069938342585881
148 104 0.0730527839085641
148 155 0.307217806978406
148 42 0.21762701153418
148 158 0.207707019517767
148 46 0.310171592907664
148 105 0.259916955675651
148 96 0.311534167313354
148 111 0.148697759730799
148 9 0.162115318461521
148 160 0.0844863702626778
148 51 0.355317702150887
148 47 0.276302081354929
148 38 0.211680696567514
148 8 0.291538125096625
148 98 0.0713288615909157
148 4 0.150129586934708
148 37 0.0907352636051072
148 43 0.0678143519300055
31 71 0.708497372568911
31 118 0.547978462446963
31 102 0.0777545062566964
31 99 0.56853882572068
31 18 0.593706836152846
31 72 0.180237637553535
31 16 0.481681126055715
31 44 0.0893785755654941
31 84 0.0494016909186346
31 27 0.767596148121753
31 74 0.6338465114779
31 95 0.112938821091402
31 108 0.563941487999521
31 115 0.573236995375564
31 109 0.139889996508895
31 103 0.458175289343828
31 148 0.075689437795478
31 31 0.986934400659649
31 113 0.0591815220839607
31 152 0.457169517746184
31 78 0.117706983005166
31 48 0.13153456883072
31 107 0.402566357899887
31 77 0.148159953530751
31 29 0.380520792881084
31 39 0.17651871277579
31 64 0.174270688451668
31 138 0.362584098274508
31 114 0.561690337338788
31 41 0.0888720840009599
31 81 0.162754744659984
31 52 0.597982346839195
31 73 0.464229419911591
31 45 0.733989066762079
31 66 0.0410631142575033
31 86 0.561877709740106
31 67 0.263124145611584
31 70 0.754678551814262
31 68 0.192608559411557
31 136 0.35654570041301
31 88 0.104605245680386
31 144 0.130069934063654
31 141 0.132689743675374
31 110 0.604335978363715
31 147 0.728211161569784
31 156 0.565502990701996
31 75 0.0583847830382212
31 112 0.595393033695158
31 49 0.72852592508028
31 104 0.696480496729737
31 155 0.129360258632105
31 42 0.161003409930984
31 158 0.00330591025975537
31 46 0.131848812330362
31 105 0.163326143299872
31 96 0.0798451994939651
31 111 0.564843166646631
31 9 0.407534778972384
31 160 0.732293047495169
31 51 0.0719157489761972
31 47 0.15017614844524
31 38 0.118105656198695
31 8 0.168051059595428
31 98 0.682836354532041
31 4 0.214931730317055
31 37 0.738894607704043
31 43 0.74711028871063
113 71 0.0606431807165461
113 118 0.135948823325513
113 102 0.505824946889734
113 99 0.122282758985833
113 18 0.0913032063417068
113 72 0.111102903382903
113 16 0.0986771087775581
113 44 0.469530460987891
113 84 0.106595090573537
113 27 0.061582620147785
113 74 0.0830507954267787
113 95 0.440075857575753
113 108 0.12783210205679
113 115 0.122569065568703
113 109 0.442438715191166
113 103 0.183415812974325
113 148 0.323289731427033
113 31 0.0591815220839607
113 113 0.995248872962394
113 152 0.170109098816464
113 78 0.333099979621198
113 48 0.503618154200074
113 107 0.107152130381061
113 77 0.244799662605502
113 29 0.130577588780104
113 39 0.331718225072463
113 64 0.340892140845302
113 138 0.14842222191943
113 114 0.132294870376232
113 41 0.264667704072188
113 81 0.272130166499191
113 52 0.0910313693874823
113 73 0.170544430423375
113 45 0.053454326729989
113 66 0.412052291787225
113 86 0.147254491242859
113 67 0.197735357446005
113 70 0.0607014211482297
113 68 0.0904031509123963
113 136 0.0945324467760723
113 88 0.146952758733997
113 144 0.274825238509939
113 141 0.3631042383209
113 110 0.118192817543569
113 147 0.0574293402860239
113 156 0.100551294947114
113 75 0.1926098360774
113 112 0.0941872292349606
113 49 0.051011913986753
113 104 0.0480111832022778
113 155 0.483440623387247
113 42 0.386157166902233
113 158 0.188594225822768
113 46 0.397545281103225
113 105 0.40262309479466
113 96 0.419295594150438
113 111 0.133908035451485
113 9 0.212635768779314
113 160 0.0543487763377713
113 51 0.360527247343601
113 47 0.400217853472498
113 38 0.322973028145397
113 8 0.360241786732157
113 98 0.0477846072610899
113 4 0.0898229021058772
113 37 0.0622290762135791
113 43 0.0521733957007335
152 71 0.448862238108138
152 118 0.649212250159774
152 102 0.157721718641052
152 99 0.568706141224975
152 18 0.431629942625999
152 72 0.256647805584164
152 16 0.336603565552599
152 44 0.224805022014008
152 84 0.109542404275243
152 27 0.418602607774763
152 74 0.546537483208816
152 95 0.117400628253094
152 108 0.591981240968121
152 115 0.583665759112646
152 109 0.280864830776267
152 103 0.64596118123764
152 148 0.172911382640833
152 31 0.457169517746184
152 113 0.170109098816464
152 152 0.978619928356904
152 78 0.119076541025966
152 48 0.200044336397155
152 107 0.355566127955163
152 77 0.101106039390147
152 29 0.333071241835449
152 39 0.165850945413002
152 64 0.169579705189995
152 138 0.516351761782902
152 114 0.586520431234492
152 41 0.124749267986784
152 81 0.254443984586681
152 52 0.503871144915711
152 73 0.67367437136203
152 45 0.453797629606816
152 66 0.126105891430074
152 86 0.61800971508464
152 67 0.359969447379507
152 70 0.481982740137985
152 68 0.134545193148328
152 136 0.301350806575749
152 88 0.183728208371071
152 144 0.110070929039356
152 141 0.122959528444132
152 110 0.587764413271437
152 147 0.497938845312933
152 156 0.635550414266141
152 75 0.0474164233230321
152 112 0.545826792789247
152 49 0.427376301296614
152 104 0.401473787815195
152 155 0.290163107327698
152 42 0.259067688896359
152 158 0.0434272733633973
152 46 0.240065091877281
152 105 0.138269156334753
152 96 0.146082936840248
152 111 0.581418097594086
152 9 0.587945058247917
152 160 0.47595286287644
152 51 0.10818729999532
152 47 0.257279047177626
152 38 0.0807092710606571
152 8 0.123314299865056
152 98 0.401294490581418
152 4 0.150107702055813
152 37 0.498593431578572
152 43 0.428483550843477
78 71 0.124539892436766
78 118 0.079073228486796
78 102 0.30735841749516
78 99 0.0671115276283884
78 18 0.126285119677486
78 72 0.0980045702738999
78 16 0.112364713691459
78 44 0.262718562911024
78 84 0.0577294588797932
78 27 0.116084823623589
78 74 0.158003682584538
78 95 0.335119615230617
78 108 0.0712532370134729
78 115 0.0690758915716063
78 109 0.238645133777387
78 103 0.095096572058119
78 148 0.323506812597181
78 31 0.117706983005166
78 113 0.333099979621198
78 152 0.119076541025966
78 78 1
78 48 0.31059890876938
78 107 0.159098760793941
78 77 0.297436612339395
78 29 0.136663917374683
78 39 0.355028298968711
78 64 0.336951955578017
78 138 0.0844536746978389
78 114 0.0699182303429796
78 41 0.200832795824855
78 81 0.280121855887877
78 52 0.150236513029802
78 73 0.0924215992246724
78 45 0.132254768759325
78 66 0.277219655662459
78 86 0.0768040847711128
78 67 0.118084499230471
78 70 0.119404975386626
78 68 0.102026540287404
78 136 0.122192877121865
78 88 0.0749040384879309
78 144 0.196114828808013
78 141 0.218934218738006
78 110 0.0735569037009811
78 147 0.131279872688532
78 156 0.0772724653411934
78 75 0.155641458650693
78 112 0.0744516726842737
78 49 0.115455867098928
78 104 0.101631234516924
78 155 0.263564482074716
78 42 0.215847688828045
78 158 0.21112747959757
78 46 0.202533527174036
78 105 0.379209723956454
78 96 0.307894503321611
78 111 0.0728592223328389
78 9 0.0795655612271617
78 160 0.121459938652002
78 51 0.251281888267326
78 47 0.22731891132047
78 38 0.22864912605175
78 8 0.290080131103343
78 98 0.106663562205702
78 4 0.140556100152615
78 37 0.126075043811343
78 43 0.114734734965941
48 71 0.115126127537156
48 118 0.204257404755072
48 102 0.439393989763804
48 99 0.189230717383094
48 18 0.128960067790818
48 72 0.10431805236142
48 16 0.121093807789962
48 44 0.387983684957255
48 84 0.123645983640271
48 27 0.121365620912534
48 74 0.107891420091026
48 95 0.456255191076289
48 108 0.195812927543869
48 115 0.193253127759558
48 109 0.488646221828238
48 103 0.222725506762812
48 148 0.417393530172881
48 31 0.13153456883072
48 113 0.503618154200074
48 152 0.200044336397155
48 78 0.31059890876938
48 48 0.995248872962394
48 107 0.114837589193132
48 77 0.277472700992301
48 29 0.145924148886806
48 39 0.36717145602053
48 64 0.372028946914359
48 138 0.21103193797728
48 114 0.198606786094898
48 41 0.233513898456354
48 81 0.346831922489674
48 52 0.110883421016908
48 73 0.187664053403042
48 45 0.112801921518435
48 66 0.349415626310602
48 86 0.202552569866975
48 67 0.209846487682621
48 70 0.121998304948162
48 68 0.0625625144374742
48 136 0.108161991720348
48 88 0.132272919489929
48 144 0.228432569596072
48 141 0.418095088888284
48 110 0.18591443669583
48 147 0.114920632731454
48 156 0.178204967963526
48 75 0.168250290543757
48 112 0.171481713508098
48 49 0.117064859492113
48 104 0.10961906422304
48 155 0.430689399935552
48 42 0.3204939151266
48 158 0.157142098446648
48 46 0.502653955196773
48 105 0.472584645229763
48 96 0.409158864536878
48 111 0.195113900000896
48 9 0.23348367641852
48 160 0.119252412302808
48 51 0.375199726317462
48 47 0.467241286872221
48 38 0.319772508459239
48 8 0.399679187294702
48 98 0.109717726378814
48 4 0.12835713156403
48 37 0.136652262807809
48 43 0.115161104878264
107 71 0.403186043232043
107 118 0.304162546026623
107 102 0.148976994009271
107 99 0.282238310201528
107 18 0.496913461884843
107 72 0.219228758529907
107 16 0.430159181712978
107 44 0.157530871835558
107 84 0.0666130425586054
107 27 0.427751635305517
107 74 0.465858755442949
107 95 0.121486695901941
107 108 0.29394978220295
107 115 0.285193337519511
107 109 0.123916223507895
107 103 0.350602936833032
107 148 0.064938055823152
107 31 0.402566357899887
107 113 0.107152130381061
107 152 0.355566127955163
107 78 0.159098760793941
107 48 0.114837589193132
107 107 0.997624436507328
107 77 0.14332437134747
107 29 0.399207770854221
107 39 0.165205016047649
107 64 0.144688624421364
107 138 0.343479619997291
107 114 0.299872920834619
107 41 0.13812496040849
107 81 0.137761252849291
107 52 0.456325709356197
107 73 0.300998421612676
107 45 0.435529363745966
107 66 0.0624689364199779
107 86 0.322881891304482
107 67 0.343888391592551
107 70 0.404904254628482
107 68 0.354329468402713
107 136 0.570698299669932
107 88 0.136221627761237
107 144 0.153041954705008
107 141 0.205289541425624
107 110 0.293693012863722
107 147 0.414676034562445
107 156 0.310124554189181
107 75 0.111882507469994
107 112 0.304182508799068
107 49 0.401696120729128
107 104 0.364091648988578
107 155 0.159928507776869
107 42 0.173833860311009
107 158 0.0233509472197133
107 46 0.1003634752842
107 105 0.123209138775645
107 96 0.120260866372521
107 111 0.274574715467919
107 9 0.322521689245586
107 160 0.396999901193339
107 51 0.0714104820764205
107 47 0.121982293526532
107 38 0.173210662109551
107 8 0.21876735687132
107 98 0.375065180120248
107 4 0.222175437870634
107 37 0.413794093802684
107 43 0.402109886153243
77 71 0.138220865356967
77 118 0.105435263905156
77 102 0.191754059128055
77 99 0.0874096862212886
77 18 0.165399085927451
77 72 0.116920907892558
77 16 0.167218632439977
77 44 0.132469691074362
77 84 0.147642421691562
77 27 0.142258974051038
77 74 0.148028170394224
77 95 0.281891290391644
77 108 0.0910573352802002
77 115 0.0917511198594704
77 109 0.168739551248143
77 103 0.108884204117089
77 148 0.205037009364787
77 31 0.148159953530751
77 113 0.244799662605502
77 152 0.101106039390147
77 78 0.297436612339395
77 48 0.277472700992301
77 107 0.14332437134747
77 77 0.995248872962394
77 29 0.220504884658874
77 39 0.279097261308413
77 64 0.296802057100891
77 138 0.136521382504196
77 114 0.0875379457747236
77 41 0.11652064790812
77 81 0.134610239816544
77 52 0.157987904566774
77 73 0.117133848417488
77 45 0.143257212442202
77 66 0.203094895666884
77 86 0.0910343733778203
77 67 0.0844625409090264
77 70 0.133736695376756
77 68 0.20598977696165
77 136 0.128244662937171
77 88 0.0723067138319528
77 144 0.101850181611444
77 141 0.177613550003279
77 110 0.0943694708799421
77 147 0.164512317585521
77 156 0.110580716061618
77 75 0.111868444599587
77 112 0.0965964489275973
77 49 0.145083900350015
77 104 0.134429889025099
77 155 0.167949838620417
77 42 0.112789488816727
77 158 0.0984058490615124
77 46 0.169413432895413
77 105 0.337604638238096
77 96 0.204440632591491
77 111 0.0945473361762933
77 9 0.138708467984534
77 160 0.161518160731222
77 51 0.210583235558628
77 47 0.173835402522092
77 38 0.149815208963918
77 8 0.1614367722385
77 98 0.135781163673331
77 4 0.424141561865061
77 37 0.145311741302531
77 43 0.135196261213902
29 71 0.354073427026417
29 118 0.291983240746946
29 102 0.169833557137678
29 99 0.289601611053288
